[gd_scene format=3 uid="uid://dx8t302vaxgmy"]

[ext_resource type="Script" uid="uid://mvv8hg8lgu0t" path="res://Scripts/main.gd" id="1_8gbba"]
[ext_resource type="Texture2D" uid="uid://bxx81r4jcmqsg" path="res://skybox.png" id="1_bo1nx"]
[ext_resource type="PackedScene" uid="uid://ckyhxf456n5dc" path="res://Scenes/player.tscn" id="2_8gbba"]
[ext_resource type="PackedScene" uid="uid://g4hnu5cswewj" path="res://Scenes/cow.tscn" id="2_jjvhh"]
[ext_resource type="PackedScene" uid="uid://beb3afju2g6te" path="res://Scenes/grass.tscn" id="4_6bp64"]
[ext_resource type="PackedScene" uid="uid://bhweq6xksdmri" path="res://Scenes/mountain.tscn" id="6_21xkr"]

[sub_resource type="PanoramaSkyMaterial" id="PanoramaSkyMaterial_1bvp3"]
panorama = ExtResource("1_bo1nx")

[sub_resource type="Sky" id="Sky_lquwl"]
sky_material = SubResource("PanoramaSkyMaterial_1bvp3")

[sub_resource type="Environment" id="Environment_7mycd"]
background_mode = 2
sky = SubResource("Sky_lquwl")
ambient_light_source = 2
ambient_light_color = Color(1, 1, 1, 1)
ambient_light_energy = 0.8

[sub_resource type="BoxShape3D" id="BoxShape3D_1bvp3"]
size = Vector3(200, 2, 200)

[sub_resource type="StandardMaterial3D" id="StandardMaterial3D_21xkr"]
albedo_color = Color(0.35686275, 0.49411765, 0.23529412, 1)

[sub_resource type="BoxMesh" id="BoxMesh_lquwl"]
material = SubResource("StandardMaterial3D_21xkr")
size = Vector3(200, 2, 200)

[sub_resource type="CameraAttributesPractical" id="CameraAttributesPractical_kry3j"]
dof_blur_far_enabled = true
dof_blur_far_distance = 112.0
dof_blur_near_enabled = true
dof_blur_near_distance = 84.0
dof_blur_near_transition = 5.0

[sub_resource type="BoxShape3D" id="BoxShape3D_21xkr"]

[node name="Main" type="Node3D" unique_id=1330794445]
script = ExtResource("1_8gbba")
mob_scene = ExtResource("2_jjvhh")

[node name="DirectionalLight3D" type="DirectionalLight3D" parent="." unique_id=2068763689]
transform = Transform3D(1, 0, 0, 0, -0.79605496, 0.6052243, 0, -0.6052243, -0.79605496, -0.80640984, 53.60378, -5.517136)
light_color = Color(1, 0.4392157, 0.101960786, 1)
light_energy = 2.0
light_volumetric_fog_energy = 10.0
shadow_enabled = true

[node name="WorldEnvironment" type="WorldEnvironment" parent="." unique_id=431490460]
environment = SubResource("Environment_7mycd")

[node name="Ground" type="StaticBody3D" parent="." unique_id=1049672212]
transform = Transform3D(1, 0, 0, 0, 1, 0, 0, 0, 1, 0, -1, 0)

[node name="CollisionShape3D" type="CollisionShape3D" parent="Ground" unique_id=1389252130]
visible = false
shape = SubResource("BoxShape3D_1bvp3")

[node name="MeshInstance3D" type="MeshInstance3D" parent="Ground" unique_id=1600735746]
transform = Transform3D(1, 0, 0, 0, 1, 0, 0, 0, 1, -0.06583301, 0.00012207031, 0.01872461)
mesh = SubResource("BoxMesh_lquwl")

[node name="Grass" parent="Ground" unique_id=596694638 instance=ExtResource("4_6bp64")]
transform = Transform3D(1, 0, 0, 0, 1, 0, 0, 0, 1, 0, 0.994812, 0)

[node name="Player" parent="." unique_id=1838559469 instance=ExtResource("2_8gbba")]
transform = Transform3D(1, 0, 0, 0, 1, 0, 0, 0, 1, 0, 10, 0)

[node name="CameraPivot" type="Marker3D" parent="Player" unique_id=1189069542]
unique_name_in_owner = true
transform = Transform3D(1, 0, 0, 0, 0.88021255, 0.47458, 0, -0.47458, 0.88021255, 0, 0, 0)

[node name="Camera3D" type="Camera3D" parent="Player/CameraPivot" unique_id=374593196]
unique_name_in_owner = true
transform = Transform3D(1, 0, 0, 0, 0.99999994, 0, 0, 0, 0.99999994, 5.919811, -0.010779381, 84.564064)
attributes = SubResource("CameraAttributesPractical_kry3j")
projection = 1
fov = 80.0
size = 30.0

[node name="Mountains" type="Node3D" parent="." unique_id=71465853]

[node name="Mountain" parent="Mountains" unique_id=1759139139 instance=ExtResource("6_21xkr")]
transform = Transform3D(1, 0, 0, 0, 1, 0, 0, 0, 1, -91.61931, 0, -115.11572)

[node name="Mountain1" parent="Mountains" unique_id=1362139231 instance=ExtResource("6_21xkr")]
transform = Transform3D(0.8382806, 0, -0.54523903, 0, 1, 0, 0.54523903, 0, 0.8382806, 89.06824, 0, -115.11572)

[node name="Mountain2" parent="Mountains" unique_id=287013719 instance=ExtResource("6_21xkr")]
transform = Transform3D(-0.8656483, 0, 0.83105546, 0, 1.2, 0, -0.83105546, 0, -0.8656483, 17.469898, 0, -97.015366)

[node name="Mountain3" parent="Mountains" unique_id=602242967 instance=ExtResource("6_21xkr")]
transform = Transform3D(0.8, 0, 0, 0, 0.8, 0, 0, 0, 0.8, -11.622696, 0, -113.1057)

[node name="Mountain4" parent="Mountains" unique_id=438809382 instance=ExtResource("6_21xkr")]
transform = Transform3D(0.33667773, 0.0012013558, -0.9416192, -0.00052082125, 0.9999993, 0.0010896197, 0.9416198, 0.00012357021, 0.3366781, -43.787437, 0, -95.53449)

[node name="Mountain5" parent="Mountains" unique_id=693925763 instance=ExtResource("6_21xkr")]
transform = Transform3D(-4.371139e-08, 0, -1, 0, 1, 0, 1, 0, -4.371139e-08, 115.49483, 0, -96.87912)

[node name="Mountain6" parent="Mountains" unique_id=1040892719 instance=ExtResource("6_21xkr")]
transform = Transform3D(-0.5452391, 0, -0.8382806, 0, 1, 0, 0.8382806, 0, -0.5452391, 115.49482, 0, 83.808426)

[node name="Mountain7" parent="Mountains" unique_id=1420295517 instance=ExtResource("6_21xkr")]
transform = Transform3D(0.8310556, 0, 0.86564827, 0, 1.2, 0, -0.86564827, 0, 0.8310556, 97.39447, 0, 12.210091)

[node name="Mountain8" parent="Mountains" unique_id=123953156 instance=ExtResource("6_21xkr")]
transform = Transform3D(-3.4969112e-08, 0, -0.8, 0, 0.8, 0, 0.8, 0, -3.4969112e-08, 113.4848, 0, -16.882507)

[node name="Mountain9" parent="Mountains" unique_id=661521363 instance=ExtResource("6_21xkr")]
transform = Transform3D(-0.94161975, -0.00012357051, -0.33667803, -0.00052082125, 0.9999992, 0.0010896197, 0.3366777, 0.0012013558, -0.94161916, 95.9136, 0, -49.04724)

[node name="Mountain10" parent="Mountains" unique_id=2144126473 instance=ExtResource("6_21xkr")]
transform = Transform3D(1, 0, 0, 0, 1, 0, 0, 0, 1, -77.10481, 0, 94.88624)

[node name="Mountain11" parent="Mountains" unique_id=1803821188 instance=ExtResource("6_21xkr")]
transform = Transform3D(0.8382806, 0, -0.54523903, 0, 1, 0, 0.54523903, 0, 0.8382806, 103.58273, 0, 94.88624)

[node name="Mountain12" parent="Mountains" unique_id=617428283 instance=ExtResource("6_21xkr")]
transform = Transform3D(-0.86564827, 0, 0.83105546, 0, 1.2, 0, -0.83105546, 0, -0.86564827, 31.984402, 0, 112.98659)

[node name="Mountain13" parent="Mountains" unique_id=1973646310 instance=ExtResource("6_21xkr")]
transform = Transform3D(0.8, 0, 0, 0, 0.8, 0, 0, 0, 0.8, 2.8918037, 0, 96.896255)

[node name="Mountain14" parent="Mountains" unique_id=352386827 instance=ExtResource("6_21xkr")]
transform = Transform3D(0.33667776, 0.001201356, -0.94161916, -0.0005208213, 0.9999992, 0.0010896197, 0.94161975, 0.00012357051, 0.3366781, -29.27293, 0, 114.46746)

[node name="Mountain15" parent="Mountains" unique_id=59460140 instance=ExtResource("6_21xkr")]
transform = Transform3D(-4.371139e-08, 0, 1, 0, 1, 0, -1, 0, -4.371139e-08, -115.79231, 0, 83.56413)

[node name="Mountain16" parent="Mountains" unique_id=339694738 instance=ExtResource("6_21xkr")]
transform = Transform3D(0.545239, 0, 0.8382806, 0, 1, 0, -0.8382806, 0, 0.545239, -115.79232, 0, -97.12341)

[node name="Mountain17" parent="Mountains" unique_id=822060857 instance=ExtResource("6_21xkr")]
transform = Transform3D(-0.83105534, 0, -0.86564827, 0, 1.1999999, 0, 0.86564827, 0, -0.83105534, -97.69197, 0, -25.525078)

[node name="Mountain18" parent="Mountains" unique_id=2081928882 instance=ExtResource("6_21xkr")]
transform = Transform3D(-3.4969112e-08, 0, 0.8, 0, 0.8, 0, -0.8, 0, -3.4969112e-08, -113.7823, 0, 3.5675201)

[node name="Mountain19" parent="Mountains" unique_id=1281151918 instance=ExtResource("6_21xkr")]
transform = Transform3D(0.94161975, 0.0001235704, 0.33667815, -0.0005208214, 0.9999992, 0.0010896198, -0.33667782, -0.0012013562, 0.94161916, -96.21109, 0, 35.732254)

[node name="Walls" type="Node3D" parent="." unique_id=978984293]
visible = false

[node name="Wall" type="StaticBody3D" parent="Walls" unique_id=928285095]
transform = Transform3D(200, 0, 0, 0, 200, 0, 0, 0, 200, -197.6266, 11.15332, -0.04449272)

[node name="CollisionShape3D" type="CollisionShape3D" parent="Walls/Wall" unique_id=1688012644]
shape = SubResource("BoxShape3D_21xkr")
debug_color = Color(0, 0.6, 0.69803923, 1)

[node name="Wall2" type="StaticBody3D" parent="Walls" unique_id=1629907073]
transform = Transform3D(200, 0, 0, 0, 200, 0, 0, 0, 200, 197.627, 11.153, -0.044)

[node name="CollisionShape3D" type="CollisionShape3D" parent="Walls/Wall2" unique_id=1706169232]
shape = SubResource("BoxShape3D_21xkr")
debug_color = Color(0, 0.6, 0.69803923, 1)

[node name="Wall3" type="StaticBody3D" parent="Walls" unique_id=2075556555]
transform = Transform3D(200, 0, 0, 0, 200, 0, 0, 0, 200, -0.04, 11.153, 197.627)

[node name="CollisionShape3D" type="CollisionShape3D" parent="Walls/Wall3" unique_id=758299288]
shape = SubResource("BoxShape3D_21xkr")
debug_color = Color(0, 0.6, 0.69803923, 1)

[node name="Wall4" type="StaticBody3D" parent="Walls" unique_id=2054095760]
transform = Transform3D(200, 0, 0, 0, 200, 0, 0, 0, 200, -0.04, 11.153, -197.627)

[node name="CollisionShape3D" type="CollisionShape3D" parent="Walls/Wall4" unique_id=1394969753]
shape = SubResource("BoxShape3D_21xkr")
debug_color = Color(0, 0.6, 0.69803923, 1)
